Vencimento;17/03/2010;;;;
Dia;Taxa Compra 9:00;Taxa Venda 9:00;PU Compra 9:00;PU Venda 9:00;PU Extrato 9:00
02/01/2007;0,00%;0,04%;2.964,47;2.960,69;2.959,22
03/01/2007;0,00%;0,04%;2.965,93;2.962,15;2.960,69
04/01/2007;0,00%;0,04%;2.967,38;2.963,61;2.962,15
05/01/2007;0,00%;0,04%;2.968,84;2.965,08;2.963,61
08/01/2007;0,00%;0,04%;2.970,30;2.966,54;2.965,07
09/01/2007;0,00%;0,04%;2.971,76;2.968,00;2.966,53
10/01/2007;0,00%;0,04%;2.973,23;2.969,46;2.968,00
11/01/2007;0,00%;0,04%;2.974,69;2.970,93;2.969,46
12/01/2007;0,00%;0,04%;2.976,15;2.972,40;2.970,92
15/01/2007;0,00%;0,04%;2.977,61;2.973,86;2.972,39
16/01/2007;0,00%;0,04%;2.979,08;2.975,33;2.973,85
17/01/2007;0,00%;0,04%;2.980,54;2.976,80;2.975,32
18/01/2007;0,00%;0,04%;2.982,01;2.978,27;2.976,79
19/01/2007;0,00%;0,04%;2.983,47;2.979,74;2.978,26
22/01/2007;0,00%;0,04%;2.984,94;2.981,20;2.979,73
23/01/2007;0,00%;0,04%;2.986,41;2.982,68;2.981,20
24/01/2007;0,00%;0,04%;2.987,88;2.984,15;2.982,67
25/01/2007;0,00%;0,04%;2.989,32;2.985,59;2.984,14
26/01/2007;0,00%;0,04%;2.990,76;2.987,04;2.985,59
29/01/2007;0,00%;0,04%;2.992,21;2.988,48;2.987,03
30/01/2007;0,00%;0,04%;2.993,65;2.989,93;2.988,48
31/01/2007;0,00%;0,04%;2.995,10;2.991,38;2.989,93
01/02/2007;0,00%;0,04%;2.996,54;2.992,83;2.991,37
02/02/2007;0,00%;0,04%;2.997,99;2.994,28;2.992,82
05/02/2007;0,00%;0,04%;2.999,43;2.995,73;2.994,27
06/02/2007;0,00%;0,04%;3.000,88;2.997,18;2.995,72
07/02/2007;0,00%;0,04%;3.002,33;2.998,63;2.997,17
08/02/2007;0,00%;0,04%;3.003,78;3.000,08;2.998,62
09/02/2007;0,00%;0,04%;3.005,23;3.001,53;3.000,07
12/02/2007;0,00%;0,04%;3.006,68;3.002,99;3.001,53
13/02/2007;0,00%;0,04%;3.008,13;3.004,44;3.002,98
14/02/2007;0,00%;0,04%;3.009,58;3.005,90;3.004,44
15/02/2007;0,00%;0,04%;3.011,04;3.007,35;3.005,89
16/02/2007;0,00%;0,04%;3.012,49;3.008,81;3.007,35
21/02/2007;0,00%;0,04%;3.013,94;3.010,27;3.008,80
22/02/2007;0,00%;0,04%;3.015,40;3.011,72;3.010,26
23/02/2007;0,00%;0,04%;3.016,86;3.013,18;3.011,72
26/02/2007;0,00%;0,04%;3.018,31;3.014,65;3.013,18
27/02/2007;0,00%;0,04%;3.019,77;3.016,10;3.014,64
28/02/2007;0,00%;0,04%;3.021,23;3.017,57;3.016,10
01/03/2007;0,00%;0,04%;3.022,69;3.019,03;3.017,56
02/03/2007;0,00%;0,04%;3.024,14;3.020,49;3.019,02
05/03/2007;0,00%;0,04%;3.025,60;3.021,95;3.020,48
06/03/2007;0,00%;0,04%;3.027,06;3.023,41;3.021,94
07/03/2007;0,00%;0,04%;3.028,53;3.024,88;3.023,41
08/03/2007;0,00%;0,04%;3.029,96;3.026,32;3.024,87
09/03/2007;0,00%;0,04%;3.031,40;3.027,76;3.026,31
12/03/2007;0,00%;0,04%;3.032,83;3.029,20;3.027,75
13/03/2007;0,00%;0,04%;3.034,27;3.030,64;3.029,19
14/03/2007;0,00%;0,04%;3.035,71;3.032,08;3.030,63
15/03/2007;0,00%;0,04%;3.037,15;3.033,52;3.032,07
16/03/2007;0,00%;0,04%;3.038,59;3.034,96;3.033,51
19/03/2007;0,00%;0,03%;3.040,03;3.037,31;3.035,86
20/03/2007;0,00%;0,03%;3.041,47;3.038,75;3.037,30
21/03/2007;0,00%;0,03%;3.042,91;3.040,20;3038,75
22/03/2007;0,00%;0,03%;3.044,35;3.041,64;3040,19
23/03/2007;0,00%;0,03%;3.045,79;3.043,09;3041,63
26/03/2007;0,00%;0,03%;3.047,24;3.044,53;3043,08
27/03/2007;0,00%;0,03%;3.048,68;3.045,98;3044,52
28/03/2007;0,00%;0,03%;3.050,13;3.047,42;3045,97
29/03/2007;0,00%;0,03%;3.051,57;3.048,87;3047,42
30/03/2007;0,00%;0,03%;3.053,02;3.050,32;3048,86
02/04/2007;0,00%;0,03%;3.054,46;3.051,77;3050,31
03/04/2007;0,00%;0,03%;3.055,91;3.053,22;3051,76
04/04/2007;0,00%;0,03%;3.057,36;3.054,67;3053,21
05/04/2007;0,00%;0,03%;3.058,81;3.056,12;3054,66
09/04/2007;0,00%;0,03%;3.060,26;3.057,58;3056,11
10/04/2007;0,00%;0,03%;3.061,71;3.059,03;3057,57
11/04/2007;0,00%;0,03%;3.063,16;3.060,48;3059,02
12/04/2007;0,00%;0,03%;3.064,61;3.061,93;3060,47
13/04/2007;0,00%;0,03%;3.066,06;3.063,39;3061,93
16/04/2007;0,00%;0,03%;3.067,52;3.064,84;3063,38
17/04/2007;0,00%;0,03%;3.068,97;3.066,30;3064,84
18/04/2007;0,00%;0,03%;3.070,42;3.067,75;3066,29
19/04/2007;0,00%;0,03%;3.071,85;3.069,18;3067,75
20/04/2007;0,00%;0,03%;3.073,28;3.070,61;3069,18
23/04/2007;0,00%;0,03%;3.074,71;3.072,05;3070,61
24/04/2007;0,00%;0,03%;3.076,14;3.073,48;3072,04
25/04/2007;0,00%;0,03%;3.077,57;3.074,91;3073,47
26/04/2007;0,00%;0,03%;3.079,00;3.076,34;3074,9
27/04/2007;0,00%;0,03%;3.080,43;3.077,78;3076,34
30/04/2007;0,00%;0,03%;3.081,86;3.079,21;3077,77
02/05/2007;0,00%;0,03%;3.083,30;3.080,65;3079,21
03/05/2007;0,00%;0,03%;3.084,73;3.082,09;3080,64
04/05/2007;0,00%;0,03%;3.086,16;3.083,52;3082,08
07/05/2007;0,00%;0,03%;3.087,60;3.084,96;3083,52
08/05/2007;0,00%;0,03%;3.089,04;3.086,40;3084,95
09/05/2007;0,00%;0,03%;3.090,47;3.087,84;3086,39
10/05/2007;0,00%;0,03%;3.091,91;3.089,28;3087,83
11/05/2007;0,00%;0,03%;3.093,35;3.090,72;3089,27
14/05/2007;0,00%;0,03%;3.094,79;3.092,16;3090,71
15/05/2007;0,00%;0,03%;3.096,22;3.093,60;3092,15
16/05/2007;0,00%;0,03%;3.097,66;3.095,04;3093,59
17/05/2007;0,00%;0,03%;3.099,11;3.096,49;3095,04
18/05/2007;0,00%;0,03%;3.100,55;3.097,93;3096,48
21/05/2007;0,00%;0,03%;3.101,99;3.099,37;3097,92
22/05/2007;0,00%;0,03%;3.103,43;3.100,82;3099,37
23/05/2007;0,00%;0,03%;3.104,87;3.102,27;3100,81
24/05/2007;0,00%;0,03%;3.106,32;3.103,71;3102,26
25/05/2007;0,00%;0,03%;3.107,76;3.105,16;3103,7
28/05/2007;0,00%;0,03%;3.109,21;3.106,61;3105,15
29/05/2007;0,00%;0,03%;3.110,65;3.108,05;3106,6
30/05/2007;0,00%;0,03%;3.112,10;3.109,50;3108,05
31/05/2007;0,00%;0,03%;3.113,55;3.110,95;3109,49
01/06/2007;0,00%;0,03%;3.115,00;3.112,40;3110,95
04/06/2007;0,00%;0,03%;3.116,44;3.113,85;3112,4
05/06/2007;0,00%;0,03%;3.117,89;3.115,31;3113,85
06/06/2007;0,00%;0,03%;3.119,34;3.116,76;3115,3
08/06/2007;0,00%;0,03%;3.120,74;3.118,16;3116,75
11/06/2007;0,00%;0,03%;3.122,13;3.119,56;3118,15
12/06/2007;0,00%;0,03%;3.123,53;3.120,95;3119,55
13/06/2007;0,00%;0,03%;3.124,93;3.122,35;3120,95
14/06/2007;0,00%;0,03%;3.126,33;3.123,75;3122,35
15/06/2007;0,00%;0,03%;3.127,72;3.125,16;3123,75
18/06/2007;0,00%;0,03%;3.129,12;3.126,56;3125,15
19/06/2007;0,00%;0,03%;3.130,52;3.127,96;3126,55
20/06/2007;0,00%;0,03%;3.131,92;3.129,36;3127,95
21/06/2007;0,00%;0,03%;3.133,33;3.130,77;3129,35
22/06/2007;0,00%;0,03%;3.134,73;3.132,17;3130,76
25/06/2007;0,00%;0,03%;3.136,13;3.133,58;3132,16
26/06/2007;0,00%;0,03%;3.137,53;3.134,98;3133,57
27/06/2007;0,00%;0,03%;3.138,94;3.136,39;3134,97
28/06/2007;0,00%;0,03%;3.140,34;3.137,79;3136,38
29/06/2007;0,00%;0,03%;3.141,74;3.139,20;3137,79
02/07/2007;0,00%;0,03%;3.143,15;3.140,61;3139,19
03/07/2007;0,00%;0,03%;3.144,56;3.142,02;3140,6
04/07/2007;0,00%;0,03%;3.145,96;3.143,43;3142,01
05/07/2007;0,00%;0,03%;3.147,37;3.144,84;3143,42
06/07/2007;0,00%;0,03%;3.148,78;3.146,25;3144,83
09/07/2007;0,00%;0,03%;3.150,19;3.147,66;3146,24
10/07/2007;0,00%;0,03%;3.151,60;3.149,07;3147,65
11/07/2007;0,00%;0,03%;3.153,01;3.150,48;3149,06
12/07/2007;0,00%;0,03%;3.154,42;3.151,90;3150,48
13/07/2007;0,00%;0,03%;3.155,83;3.153,31;3151,89
16/07/2007;0,00%;0,03%;3.157,24;3.154,73;3153,3
17/07/2007;0,00%;0,03%;3.158,65;3.156,14;3154,72
18/07/2007;0,00%;0,03%;3.160,06;3.157,56;3156,13
19/07/2007;0,00%;0,03%;3.161,42;3.158,91;3157,55
20/07/2007;0,00%;0,03%;3.162,78;3.160,27;3158,91
23/07/2007;0,00%;0,03%;3.164,14;3.161,64;3160,27
24/07/2007;0,00%;0,03%;3.165,50;3.163,00;3161,63
25/07/2007;0,00%;0,03%;3.166,86;3.164,36;3162,99
26/07/2007;0,00%;0,03%;3.168,22;3.165,72;3164,35
27/07/2007;0,00%;0,03%;3.169,58;3.167,09;3165,72
30/07/2007;0,00%;0,03%;3.170,94;3.168,45;3167,08
31/07/2007;0,00%;0,03%;3.172,30;3.169,82;3168,44
01/08/2007;0,00%;0,03%;3.173,66;3.171,18;3169,81
02/08/2007;0,00%;0,03%;3.175,03;3.172,55;3171,18
03/08/2007;0,00%;0,03%;3.176,39;3.173,91;3172,54
06/08/2007;0,00%;0,03%;3.177,76;3.175,28;3173,91
07/08/2007;0,00%;0,03%;3.179,12;3.176,65;3175,27
08/08/2007;0,00%;0,03%;3.180,49;3.178,02;3176,64
09/08/2007;0,00%;0,03%;3.181,85;3.179,39;3178,01
10/08/2007;0,00%;0,03%;3.183,22;3.180,76;3179,38
13/08/2007;0,00%;0,03%;3.184,59;3.182,13;3180,75
14/08/2007;0,00%;0,03%;3.185,95;3.183,49;3182,12
15/08/2007;0,00%;0,03%;3.187,32;3.184,87;3183,49
16/08/2007;0,00%;0,03%;3.188,69;3.186,24;3184,86
17/08/2007;0,00%;0,03%;3.190,06;3.187,61;3186,23
20/08/2007;0,00%;0,03%;3.191,43;3.188,98;3187,6
21/08/2007;0,00%;0,03%;3.192,80;3.190,36;3188,98
22/08/2007;0,00%;0,03%;3.194,17;3.191,73;3190,35
23/08/2007;0,00%;0,03%;3.195,55;3.193,11;3191,73
24/08/2007;0,00%;0,03%;3.196,92;3.194,48;3193,1
27/08/2007;0,00%;0,03%;3.198,29;3.195,86;3194,48
28/08/2007;0,00%;0,03%;3.199,67;3.197,23;3195,85
29/08/2007;0,00%;0,03%;3.201,04;3.198,61;3197,23
30/08/2007;0,00%;0,03%;3.202,42;3.199,99;3198,61
31/08/2007;0,00%;0,03%;3.203,79;3.201,37;3199,98
03/09/2007;0,00%;0,03%;3.205,17;3.202,75;3201,36
04/09/2007;0,00%;0,03%;3.206,54;3.204,13;3202,74
05/09/2007;0,00%;0,03%;3.207,92;3.205,51;3204,12
06/09/2007;0,00%;0,03%;3.209,27;3.206,86;3205,5
10/09/2007;0,00%;0,03%;3.210,62;3.208,21;3206,85
11/09/2007;0,00%;0,03%;3.211,97;3.209,57;3208,21
12/09/2007;0,00%;0,03%;3.213,32;3.210,92;3209,56
13/09/2007;0,00%;0,03%;3.214,67;3.212,27;3210,91
14/09/2007;0,00%;0,03%;3.216,03;3.213,63;3212,27
17/09/2007;0,00%;0,03%;3.217,38;3.214,99;3213,62
18/09/2007;0,00%;0,03%;3.218,73;3.216,34;3214,98
19/09/2007;0,00%;0,03%;3.220,09;3.217,70;3216,33
20/09/2007;0,00%;0,03%;3.221,44;3.219,05;3217,69
21/09/2007;0,00%;0,03%;3.222,80;3.220,42;3219,05
24/09/2007;0,00%;0,03%;3.224,15;3.221,77;3220,41
25/09/2007;0,00%;0,03%;3.225,51;3.223,13;3221,77
26/09/2007;0,00%;0,03%;3.226,87;3.224,49;3223,12
27/09/2007;0,00%;0,03%;3.228,22;3.225,85;3224,48
28/09/2007;0,00%;0,03%;3.229,58;3.227,21;3225,84
01/10/2007;0,00%;0,03%;3.230,94;3.228,57;3227,21
02/10/2007;-0,01%;0,02%;3.233,08;3.230,72;3229,35
03/10/2007;-0,01%;0,02%;3.234,44;3.232,08;3230,71
04/10/2007;-0,01%;0,02%;3.235,80;3.233,45;3232,08
05/10/2007;-0,01%;0,02%;3.237,16;3.234,81;3233,44
08/10/2007;-0,01%;0,02%;3.238,52;3.236,17;3234,8
09/10/2007;-0,01%;0,02%;3.239,88;3.237,53;3236,17
10/10/2007;-0,01%;0,02%;3.241,25;3.238,90;3237,53
11/10/2007;-0,01%;0,02%;3.242,61;3.240,27;3238,89
15/10/2007;-0,01%;0,02%;3.243,97;3.241,63;3240,26
16/10/2007;-0,01%;0,02%;3.245,33;3.243,00;3241,62
17/10/2007;-0,01%;0,02%;3.246,70;3.244,36;3242,99
18/10/2007;-0,01%;0,02%;3.248,06;3.245,73;3244,35
19/10/2007;-0,01%;0,02%;3.249,43;3.247,10;3245,72
22/10/2007;-0,01%;0,02%;3.250,79;3.248,47;3247,09
23/10/2007;-0,01%;0,02%;3.252,16;3.249,84;3248,46
24/10/2007;-0,01%;0,02%;3.253,52;3.251,21;3249,83
25/10/2007;-0,01%;0,02%;3.254,89;3.252,58;3251,2
26/10/2007;-0,01%;0,02%;3.256,26;3.253,95;3252,57
29/10/2007;-0,01%;0,02%;3.257,63;3.255,32;3253,94
30/10/2007;-0,01%;0,02%;3.259,00;3.256,69;3255,31
31/10/2007;-0,01%;0,02%;3.260,37;3.258,06;3256,68
01/11/2007;-0,01%;0,02%;3.261,74;3.259,44;3258,05
05/11/2007;-0,01%;0,02%;3.263,11;3.260,81;3259,43
06/11/2007;-0,01%;0,02%;3.264,48;3.262,18;3260,8
07/11/2007;-0,01%;0,02%;3.265,85;3.263,56;3262,18
08/11/2007;-0,01%;0,02%;3.267,22;3.264,93;3263,55
09/11/2007;-0,01%;0,02%;3.268,60;3.266,31;3264,92
12/11/2007;-0,01%;0,02%;3.269,97;3.267,69;3266,3
13/11/2007;-0,01%;0,02%;3.271,34;3.269,06;3267,68
14/11/2007;-0,01%;0,02%;3.272,72;3.270,44;3269,06
16/11/2007;-0,01%;0,02%;3.274,09;3.271,82;3270,43
19/11/2007;-0,01%;0,02%;3.275,47;3.273,20;3271,81
20/11/2007;-0,01%;0,02%;3.276,85;3.274,58;3273,19
21/11/2007;-0,01%;0,02%;3.278,22;3.275,96;3274,57
22/11/2007;-0,01%;0,02%;3.279,60;3.277,34;3275,95
23/11/2007;-0,01%;0,02%;3.280,98;3.278,72;3277,33
26/11/2007;-0,01%;0,02%;3.282,36;3.280,10;3278,71
27/11/2007;-0,01%;0,02%;3.283,74;3.281,48;3280,09
28/11/2007;-0,01%;0,02%;3.285,12;3.282,87;3281,48
29/11/2007;-0,01%;0,02%;3.286,50;3.284,25;3282,86
30/11/2007;-0,01%;0,02%;3.287,88;3.285,63;3284,24
03/12/2007;-0,01%;0,02%;3.289,26;3.287,02;3285,63
04/12/2007;-0,01%;0,02%;3.290,65;3.288,41;3287,01
05/12/2007;-0,01%;0,02%;3.292,03;3.289,79;3288,4
06/12/2007;-0,01%;0,02%;3.293,41;3.291,18;3289,78
07/12/2007;-0,01%;0,02%;3.294,79;3.292,56;3291,17
10/12/2007;-0,01%;0,02%;3.296,18;3.293,95;3292,56
11/12/2007;-0,01%;0,02%;3.297,57;3.295,34;3293,94
12/12/2007;-0,01%;0,02%;3.298,95;3.296,73;3295,33
13/12/2007;-0,01%;0,02%;3.300,34;3.298,12;3296,72
14/12/2007;-0,01%;0,02%;3.301,72;3.299,51;3298,11
17/12/2007;-0,01%;0,02%;3.303,11;3.300,90;3299,5
18/12/2007;-0,01%;0,02%;3.304,50;3.302,29;3300,89
19/12/2007;-0,01%;0,02%;3.305,89;3.303,68;3302,28
20/12/2007;-0,01%;0,02%;3.307,28;3.305,07;3303,67
21/12/2007;-0,01%;0,02%;3.310,07;3.307,87;3305,06
24/12/2007;-0,01%;0,02%;3.310,07;3.307,87;3305,06
26/12/2007;-0,01%;0,02%;3.311,45;3.309,26;3307,85
27/12/2007;-0,02%;0,01%;3.313,57;3.311,38;3309,98
28/12/2007;-0,02%;0,01%;3.314,96;3.312,78;3311,37
31/12/2007;-0,02%;0,01%;3.314,96;3.312,78;3311,37
