Vencimento;18/03/2009;;;;
Dia;Taxa Compra 9:00;Taxa Venda 9:00;PU Compra 9:00;PU Venda 9:00;PU Extrato 9:00
02/01/2007;0,00%;0,03%;2.964,47;2.962,51;2.961,05
03/01/2007;0,00%;0,03%;2.965,93;2.963,97;2.962,51
04/01/2007;0,00%;0,03%;2.967,38;2.965,43;2.963,96
05/01/2007;0,00%;0,03%;2.968,84;2.966,90;2.965,43
08/01/2007;0,00%;0,03%;2.970,30;2.968,36;2.966,89
09/01/2007;0,00%;0,03%;2.971,76;2.969,82;2.968,35
10/01/2007;0,00%;0,03%;2.973,23;2.971,28;2.969,81
11/01/2007;0,00%;0,03%;2.974,69;2.972,75;2.971,28
12/01/2007;0,00%;0,03%;2.976,15;2.974,22;2.972,74
15/01/2007;0,00%;0,03%;2.977,61;2.975,68;2.974,21
16/01/2007;0,00%;0,03%;2.979,08;2.977,15;2.975,67
17/01/2007;0,00%;0,03%;2.980,54;2.978,61;2.977,14
18/01/2007;0,00%;0,03%;2.982,01;2.980,08;2.978,61
19/01/2007;0,00%;0,03%;2.983,47;2.981,55;2.980,08
22/01/2007;0,00%;0,03%;2.984,94;2.983,02;2.981,55
23/01/2007;0,00%;0,03%;2.986,41;2.984,49;2.983,02
24/01/2007;0,00%;0,03%;2.987,88;2.985,96;2.984,49
25/01/2007;0,00%;0,03%;2.989,32;2.987,41;2.985,96
26/01/2007;0,00%;0,03%;2.990,76;2.988,86;2.987,40
29/01/2007;0,00%;0,03%;2.992,21;2.990,30;2.988,85
30/01/2007;0,00%;0,03%;2.993,65;2.991,75;2.990,29
31/01/2007;0,00%;0,03%;2.995,10;2.993,19;2.991,74
01/02/2007;0,00%;0,03%;2.996,54;2.994,64;2.993,19
02/02/2007;0,00%;0,03%;2.997,99;2.996,09;2.994,63
05/02/2007;0,00%;0,03%;2.999,43;2.997,54;2.996,09
06/02/2007;0,00%;0,03%;3.000,88;2.998,99;2.997,53
07/02/2007;0,00%;0,03%;3.002,33;3.000,44;2.998,98
08/02/2007;0,00%;0,03%;3.003,78;3.001,89;3.000,43
09/02/2007;0,00%;0,03%;3.005,23;3.003,35;3.001,89
12/02/2007;0,00%;0,03%;3.006,68;3.004,80;3.003,34
13/02/2007;0,00%;0,03%;3.008,13;3.006,25;3.004,79
14/02/2007;0,00%;0,03%;3.009,58;3.007,71;3.006,25
15/02/2007;0,00%;0,03%;3.011,04;3.009,16;3.007,70
16/02/2007;0,00%;0,03%;3.012,49;3.010,62;3.009,16
21/02/2007;0,00%;0,03%;3.013,94;3.012,08;3.010,61
22/02/2007;0,00%;0,03%;3.015,40;3.013,54;3.012,07
23/02/2007;0,00%;0,03%;3.016,86;3.014,99;3.013,53
26/02/2007;0,00%;0,03%;3.018,31;3.016,45;3.014,99
27/02/2007;0,00%;0,03%;3.019,77;3.017,91;3.016,45
28/02/2007;0,00%;0,03%;3.021,23;3.019,38;3.017,91
01/03/2007;0,00%;0,03%;3.022,69;3.020,84;3.019,37
02/03/2007;0,00%;0,03%;3.024,14;3.022,30;3.020,83
05/03/2007;0,00%;0,03%;3.025,60;3.023,76;3.022,29
06/03/2007;0,00%;0,03%;3.027,06;3.025,22;3.023,75
07/03/2007;0,00%;0,03%;3.028,53;3.026,69;3.025,21
08/03/2007;0,00%;0,03%;3.029,96;3.028,12;3.026,68
09/03/2007;0,00%;0,03%;3.031,40;3.029,56;3.028,12
12/03/2007;0,00%;0,03%;3.032,83;3.031,00;3.029,56
13/03/2007;0,00%;0,03%;3.034,27;3.032,44;3.031,00
14/03/2007;0,00%;0,03%;3.035,71;3.033,89;3.032,44
15/03/2007;0,00%;0,03%;3.037,15;3.035,33;3.033,88
16/03/2007;0,00%;0,03%;3.038,59;3.036,77;3.035,32
19/03/2007;0,00%;0,02%;3.040,03;3.038,82;3.037,37
20/03/2007;0,00%;0,02%;3.041,47;3.040,26;3.038,81
21/03/2007;0,00%;0,02%;3.042,91;3.041,70;3040,25
22/03/2007;0,00%;0,02%;3.044,35;3.043,15;3041,69
23/03/2007;0,00%;0,02%;3.045,79;3.044,59;3043,14
26/03/2007;0,00%;0,02%;3.047,24;3.046,03;3044,58
27/03/2007;0,00%;0,02%;3.048,68;3.047,48;3046,03
28/03/2007;0,00%;0,02%;3.050,13;3.048,93;3047,47
29/03/2007;0,00%;0,02%;3.051,57;3.050,38;3048,92
30/03/2007;0,00%;0,02%;3.053,02;3.051,82;3050,37
02/04/2007;0,00%;0,02%;3.054,46;3.053,27;3051,81
03/04/2007;0,00%;0,02%;3.055,91;3.054,72;3053,26
04/04/2007;0,00%;0,02%;3.057,36;3.056,17;3054,71
05/04/2007;0,00%;0,02%;3.058,81;3.057,62;3056,16
09/04/2007;0,00%;0,02%;3.060,26;3.059,07;3057,62
10/04/2007;0,00%;0,02%;3.061,71;3.060,52;3059,06
11/04/2007;0,00%;0,02%;3.063,16;3.061,98;3060,52
12/04/2007;0,00%;0,02%;3.064,61;3.063,43;3061,97
13/04/2007;0,00%;0,02%;3.066,06;3.064,88;3063,42
16/04/2007;0,00%;0,02%;3.067,52;3.066,34;3064,88
17/04/2007;0,00%;0,02%;3.068,97;3.067,79;3066,33
18/04/2007;0,00%;0,02%;3.070,42;3.069,25;3067,79
19/04/2007;0,00%;0,02%;3.071,85;3.070,68;3069,24
20/04/2007;0,00%;0,02%;3.073,28;3.072,11;3070,67
23/04/2007;0,00%;0,02%;3.074,71;3.073,54;3072,1
24/04/2007;0,00%;0,02%;3.076,14;3.074,97;3073,53
25/04/2007;0,00%;0,02%;3.077,57;3.076,40;3074,96
26/04/2007;0,00%;0,02%;3.079,00;3.077,84;3076,4
27/04/2007;0,00%;0,02%;3.080,43;3.079,27;3077,83
30/04/2007;0,00%;0,02%;3.081,86;3.080,70;3079,26
02/05/2007;0,00%;0,02%;3.083,30;3.082,14;3080,7
03/05/2007;0,00%;0,02%;3.084,73;3.083,58;3082,13
04/05/2007;0,00%;0,02%;3.086,16;3.085,01;3083,57
07/05/2007;0,00%;0,02%;3.087,60;3.086,45;3085,01
08/05/2007;0,00%;0,02%;3.089,04;3.087,89;3086,44
09/05/2007;0,00%;0,02%;3.090,47;3.089,33;3087,88
10/05/2007;0,00%;0,02%;3.091,91;3.090,77;3089,32
11/05/2007;0,00%;0,02%;3.093,35;3.092,21;3090,76
14/05/2007;0,00%;0,02%;3.094,79;3.093,64;3092,2
15/05/2007;0,00%;0,02%;3.096,22;3.095,09;3093,64
16/05/2007;0,00%;0,02%;3.097,66;3.096,53;3095,08
17/05/2007;0,00%;0,02%;3.099,11;3.097,97;3096,52
18/05/2007;0,00%;0,02%;3.100,55;3.099,41;3097,96
21/05/2007;0,00%;0,02%;3.101,99;3.100,86;3099,41
22/05/2007;0,00%;0,02%;3.103,43;3.102,30;3100,85
23/05/2007;0,00%;0,02%;3.104,87;3.103,75;3102,29
24/05/2007;0,00%;0,02%;3.106,32;3.105,19;3103,74
25/05/2007;0,00%;0,02%;3.107,76;3.106,64;3105,19
28/05/2007;0,00%;0,02%;3.109,21;3.108,09;3106,63
29/05/2007;0,00%;0,02%;3.110,65;3.109,53;3108,08
30/05/2007;0,00%;0,02%;3.112,10;3.110,98;3109,53
31/05/2007;0,00%;0,02%;3.113,55;3.112,43;3110,98
01/06/2007;0,00%;0,02%;3.115,00;3.113,88;3112,42
04/06/2007;0,00%;0,02%;3.116,44;3.115,33;3113,87
05/06/2007;0,00%;0,02%;3.117,89;3.116,78;3115,32
06/06/2007;0,00%;0,02%;3.119,34;3.118,24;3116,78
08/06/2007;0,00%;0,02%;3.120,74;3.119,63;3118,23
11/06/2007;0,00%;0,02%;3.122,13;3.121,03;3119,63
12/06/2007;0,00%;0,02%;3.123,53;3.122,43;3121,02
13/06/2007;0,00%;0,02%;3.124,93;3.123,83;3122,42
14/06/2007;0,00%;0,02%;3.126,33;3.125,23;3123,82
15/06/2007;0,00%;0,02%;3.127,72;3.126,63;3125,22
18/06/2007;0,00%;0,02%;3.129,12;3.128,03;3126,62
19/06/2007;0,00%;0,02%;3.130,52;3.129,43;3128,02
20/06/2007;0,00%;0,02%;3.131,92;3.130,83;3129,42
21/06/2007;0,00%;0,02%;3.133,33;3.132,24;3130,83
22/06/2007;0,00%;0,02%;3.134,73;3.133,64;3132,23
25/06/2007;0,00%;0,02%;3.136,13;3.135,04;3133,63
26/06/2007;0,00%;0,02%;3.137,53;3.136,45;3135,04
27/06/2007;0,00%;0,02%;3.138,94;3.137,86;3136,44
28/06/2007;0,00%;0,02%;3.140,34;3.139,26;3137,85
29/06/2007;0,00%;0,02%;3.141,74;3.140,67;3139,25
02/07/2007;0,00%;0,02%;3.143,15;3.142,08;3140,66
03/07/2007;0,00%;0,02%;3.144,56;3.143,48;3142,07
04/07/2007;0,00%;0,02%;3.145,96;3.144,89;3143,48
05/07/2007;0,00%;0,02%;3.147,37;3.146,30;3144,89
06/07/2007;0,00%;0,02%;3.148,78;3.147,71;3146,3
09/07/2007;0,00%;0,02%;3.150,19;3.149,12;3147,7
10/07/2007;0,00%;0,02%;3.151,60;3.150,53;3149,11
11/07/2007;0,00%;0,02%;3.153,01;3.151,95;3150,53
12/07/2007;0,00%;0,02%;3.154,42;3.153,36;3151,94
13/07/2007;0,00%;0,02%;3.155,83;3.154,77;3153,35
16/07/2007;0,00%;0,02%;3.157,24;3.156,18;3154,76
17/07/2007;0,00%;0,02%;3.158,65;3.157,60;3156,18
18/07/2007;0,00%;0,02%;3.160,06;3.159,02;3157,59
19/07/2007;0,00%;0,02%;3.161,42;3.160,38;3159,01
20/07/2007;0,00%;0,02%;3.162,78;3.161,73;3160,37
23/07/2007;0,00%;0,02%;3.164,14;3.163,09;3161,72
24/07/2007;0,00%;0,02%;3.165,50;3.164,46;3163,09
25/07/2007;0,00%;0,02%;3.166,86;3.165,82;3164,45
26/07/2007;0,00%;0,02%;3.168,22;3.167,18;3165,81
27/07/2007;0,00%;0,02%;3.169,58;3.168,54;3167,17
30/07/2007;0,00%;0,02%;3.170,94;3.169,91;3168,53
31/07/2007;0,00%;0,02%;3.172,30;3.171,27;3169,9
01/08/2007;0,00%;0,02%;3.173,66;3.172,64;3171,26
02/08/2007;0,00%;0,02%;3.175,03;3.174,00;3172,63
03/08/2007;0,00%;0,02%;3.176,39;3.175,37;3173,99
06/08/2007;0,00%;0,02%;3.177,76;3.176,73;3175,36
07/08/2007;0,00%;0,02%;3.179,12;3.178,10;3176,73
08/08/2007;0,00%;0,02%;3.180,49;3.179,47;3178,09
09/08/2007;0,00%;0,02%;3.181,85;3.180,84;3179,46
10/08/2007;0,00%;0,02%;3.183,22;3.182,20;3180,83
13/08/2007;0,00%;0,02%;3.184,59;3.183,57;3182,2
14/08/2007;0,00%;0,02%;3.185,95;3.184,94;3183,57
15/08/2007;0,00%;0,02%;3.187,32;3.186,32;3184,94
16/08/2007;0,00%;0,02%;3.188,69;3.187,69;3186,31
17/08/2007;0,00%;0,02%;3.190,06;3.189,06;3187,68
20/08/2007;0,00%;0,02%;3.191,43;3.190,43;3189,05
21/08/2007;0,00%;0,02%;3.192,80;3.191,80;3190,42
22/08/2007;0,00%;0,02%;3.194,17;3.193,18;3191,8
23/08/2007;0,00%;0,02%;3.195,55;3.194,55;3193,17
24/08/2007;0,00%;0,02%;3.196,92;3.195,93;3194,54
27/08/2007;0,00%;0,02%;3.198,29;3.197,30;3195,92
28/08/2007;0,00%;0,02%;3.199,67;3.198,68;3197,29
29/08/2007;0,00%;0,02%;3.201,04;3.200,06;3198,67
30/08/2007;0,00%;0,02%;3.202,42;3.201,43;3200,05
31/08/2007;0,00%;0,02%;3.203,79;3.202,81;3201,42
03/09/2007;0,00%;0,02%;3.205,17;3.204,19;3202,8
04/09/2007;0,00%;0,02%;3.206,54;3.205,57;3204,18
05/09/2007;0,00%;0,02%;3.207,92;3.206,95;3205,56
06/09/2007;0,00%;0,02%;3.209,27;3.208,30;3206,94
10/09/2007;0,00%;0,02%;3.210,62;3.209,65;3208,29
11/09/2007;0,00%;0,02%;3.211,97;3.211,00;3209,64
12/09/2007;0,00%;0,02%;3.213,32;3.212,36;3210,99
13/09/2007;0,00%;0,02%;3.214,67;3.213,71;3212,35
14/09/2007;0,00%;0,02%;3.216,03;3.215,06;3213,7
17/09/2007;0,00%;0,02%;3.217,38;3.216,42;3215,05
18/09/2007;0,00%;0,02%;3.218,73;3.217,77;3216,41
19/09/2007;0,00%;0,02%;3.220,09;3.219,13;3217,77
20/09/2007;0,00%;0,02%;3.221,44;3.220,49;3219,12
21/09/2007;0,00%;0,02%;3.222,80;3.221,84;3220,48
24/09/2007;0,00%;0,02%;3.224,15;3.223,20;3221,83
25/09/2007;0,00%;0,02%;3.225,51;3.224,56;3223,19
26/09/2007;0,00%;0,02%;3.226,87;3.225,92;3224,55
27/09/2007;0,00%;0,02%;3.228,22;3.227,28;3225,91
28/09/2007;-0,01%;0,01%;3.230,05;3.229,11;3227,74
01/10/2007;-0,01%;0,01%;3.231,41;3.230,47;3229,1
02/10/2007;-0,01%;0,01%;3.232,76;3.231,83;3230,46
03/10/2007;-0,01%;0,01%;3.234,12;3.233,19;3231,82
04/10/2007;-0,01%;0,01%;3.235,48;3.234,55;3233,18
05/10/2007;-0,01%;0,01%;3.236,84;3.235,91;3234,54
08/10/2007;-0,01%;0,01%;3.238,20;3.237,27;3235,91
09/10/2007;-0,01%;0,01%;3.239,56;3.238,64;3237,27
10/10/2007;-0,01%;0,01%;3.240,93;3.240,00;3238,63
11/10/2007;-0,01%;0,01%;3.242,29;3.241,36;3239,99
15/10/2007;-0,01%;0,01%;3.243,65;3.242,73;3241,36
16/10/2007;-0,01%;0,01%;3.245,01;3.244,10;3242,72
17/10/2007;-0,01%;0,01%;3.246,38;3.245,46;3244,09
18/10/2007;-0,01%;0,01%;3.247,74;3.246,83;3245,46
19/10/2007;-0,02%;0,00%;3.249,56;3.248,65;3247,28
22/10/2007;-0,02%;0,00%;3.250,93;3.250,02;3248,64
23/10/2007;-0,02%;0,00%;3.252,29;3.251,39;3250,01
24/10/2007;-0,02%;0,00%;3.253,65;3.252,75;3251,38
25/10/2007;-0,02%;0,00%;3.255,02;3.254,12;3252,75
26/10/2007;-0,02%;0,00%;3.256,39;3.255,49;3254,11
29/10/2007;-0,02%;0,00%;3.257,76;3.256,86;3255,48
30/10/2007;-0,02%;0,00%;3.259,12;3.258,23;3256,85
31/10/2007;-0,02%;0,00%;3.260,49;3.259,60;3258,22
01/11/2007;-0,01%;0,01%;3.261,41;3.260,52;3259,15
05/11/2007;-0,01%;0,01%;3.262,79;3.261,90;3260,52
06/11/2007;-0,01%;0,01%;3.264,16;3.263,27;3261,89
07/11/2007;-0,01%;0,01%;3.265,53;3.264,64;3263,26
08/11/2007;-0,01%;0,01%;3.266,90;3.266,02;3264,64
09/11/2007;-0,01%;0,01%;3.268,27;3.267,39;3266,01
12/11/2007;-0,01%;0,01%;3.269,65;3.268,77;3267,39
13/11/2007;-0,01%;0,01%;3.271,02;3.270,15;3268,76
14/11/2007;-0,01%;0,01%;3.272,40;3.271,52;3270,14
16/11/2007;-0,01%;0,01%;3.273,77;3.272,90;3271,51
19/11/2007;-0,01%;0,01%;3.275,15;3.274,28;3272,89
20/11/2007;-0,01%;0,01%;3.276,52;3.275,66;3274,27
21/11/2007;-0,01%;0,01%;3.277,90;3.277,04;3275,65
22/11/2007;-0,01%;0,01%;3.279,28;3.278,42;3277,03
23/11/2007;-0,01%;0,01%;3.280,65;3.279,80;3278,41
26/11/2007;-0,01%;0,01%;3.282,03;3.281,18;3279,79
27/11/2007;-0,01%;0,01%;3.283,41;3.282,56;3281,17
28/11/2007;-0,01%;0,01%;3.284,79;3.283,94;3282,55
29/11/2007;-0,01%;0,01%;3.286,17;3.285,32;3283,93
30/11/2007;-0,01%;0,01%;3.287,55;3.286,71;3285,32
03/12/2007;-0,01%;0,01%;3.288,94;3.288,09;3286,7
04/12/2007;-0,01%;0,01%;3.290,32;3.289,47;3288,08
05/12/2007;-0,01%;0,01%;3.291,70;3.290,86;3289,47
06/12/2007;-0,02%;0,00%;3.293,50;3.292,67;3291,27
07/12/2007;-0,02%;0,00%;3.294,89;3.294,05;3292,66
10/12/2007;-0,02%;0,00%;3.296,27;3.295,44;3294,04
11/12/2007;-0,02%;0,00%;3.297,65;3.296,82;3295,43
12/12/2007;-0,02%;0,00%;3.299,04;3.298,21;3296,82
13/12/2007;-0,02%;0,00%;3.300,42;3.299,60;3298,2
14/12/2007;-0,02%;0,00%;3.301,81;3.300,99;3299,59
17/12/2007;-0,02%;0,00%;3.303,20;3.302,37;3300,98
18/12/2007;-0,02%;0,00%;3.304,58;3.303,76;3302,37
19/12/2007;-0,02%;0,00%;3.305,97;3.305,15;3303,76
20/12/2007;-0,02%;0,00%;3.307,36;3.306,54;3305,15
21/12/2007;-0,02%;0,00%;3.310,15;3.309,33;3306,54
24/12/2007;-0,02%;0,00%;3.310,15;3.309,33;3306,54
26/12/2007;-0,02%;0,00%;3.311,53;3.310,72;3309,32
27/12/2007;-0,02%;0,00%;3.312,92;3.312,11;3310,71
28/12/2007;-0,02%;0,00%;3.314,31;3.313,50;3312,1
31/12/2007;-0,02%;0,00%;3.314,31;3.313,50;3312,1
