Vencimento;01/04/2007;;;;
Dia;Taxa Compra 9:00;Taxa Venda 9:00;PU Compra 9:00;PU Venda 9:00;PU Extrato 9:00
02/01/2007;12,87%;12,90%;971,11;971,05;970,58
03/01/2007;12,87%;12,90%;971,58;971,52;971,05
04/01/2007;12,86%;12,89%;972,07;972,01;971,54
05/01/2007;12,89%;12,92%;972,48;972,42;971,95
08/01/2007;12,88%;12,91%;972,96;972,90;972,44
09/01/2007;12,89%;12,92%;973,41;973,35;972,88
10/01/2007;12,89%;12,92%;973,88;973,82;973,35
11/01/2007;12,88%;12,91%;974,37;974,31;973,84
12/01/2007;12,87%;12,90%;974,85;974,80;974,33
15/01/2007;12,87%;12,90%;975,32;975,27;974,80
16/01/2007;12,87%;12,90%;975,79;975,74;975,27
17/01/2007;12,85%;12,88%;976,29;976,24;975,77
18/01/2007;12,83%;12,86%;976,80;976,75;976,28
19/01/2007;12,81%;12,84%;977,30;977,25;976,78
22/01/2007;12,80%;12,83%;977,78;977,73;977,26
23/01/2007;12,79%;12,82%;978,26;978,22;977,75
24/01/2007;12,79%;12,82%;978,73;978,69;978,22
25/01/2007;12,85%;12,88%;979,11;979,06;978,59
26/01/2007;12,85%;12,88%;979,58;979,53;979,06
29/01/2007;12,89%;12,92%;979,99;979,95;979,47
30/01/2007;12,88%;12,91%;980,48;980,43;979,96
31/01/2007;12,86%;12,89%;980,98;980,93;980,46
01/02/2007;12,87%;12,90%;981,43;981,39;980,92
02/02/2007;12,88%;12,91%;981,89;981,85;981,38
05/02/2007;12,87%;12,90%;982,38;982,34;981,87
06/02/2007;12,88%;12,91%;982,84;982,80;982,33
07/02/2007;12,85%;12,88%;983,34;983,31;982,84
08/02/2007;12,84%;12,87%;983,83;983,79;983,32
09/02/2007;12,84%;12,87%;984,30;984,27;983,79
12/02/2007;12,82%;12,85%;984,79;984,76;984,29
13/02/2007;12,83%;12,86%;985,26;985,22;984,75
14/02/2007;12,81%;12,84%;985,75;985,72;985,24
15/02/2007;12,81%;12,84%;986,22;986,19;985,72
16/02/2007;12,80%;12,83%;986,70;986,67;986,20
21/02/2007;12,80%;12,83%;987,17;987,14;986,67
22/02/2007;12,79%;12,82%;987,65;987,63;987,15
23/02/2007;12,80%;12,83%;988,12;988,09;987,62
26/02/2007;12,79%;12,82%;988,60;988,57;988,10
27/02/2007;12,78%;12,81%;989,08;989,05;988,58
28/02/2007;12,79%;12,82%;989,54;989,52;989,05
01/03/2007;12,79%;12,82%;990,02;989,99;989,52
02/03/2007;12,79%;12,82%;990,49;990,47;989,99
05/03/2007;12,76%;12,79%;990,98;990,96;990,49
06/03/2007;12,74%;12,77%;991,47;991,45;990,97
07/03/2007;12,72%;12,75%;991,95;991,93;991,46
08/03/2007;12,70%;12,73%;992,43;992,42;991,94
09/03/2007;12,72%;12,75%;992,89;992,88;992,40
12/03/2007;12,73%;12,76%;993,36;993,35;992,87
13/03/2007;12,72%;12,75%;993,84;993,82;993,35
14/03/2007;12,73%;12,76%;994,31;994,29;993,82
15/03/2007;12,71%;12,74%;994,79;994,77;994,30
16/03/2007;12,69%;12,72%;995,27;995,25;994,78
19/03/2007;12,69%;12,72%;995,74;995,73;995,25
20/03/2007;12,69%;12,72%;996,21;996,20;995,73
21/03/2007;12,70%;12,73%;996,68;996,67;996,2
22/03/2007;12,69%;12,72%;997,15;997,15;996,67
23/03/2007;12,69%;12,72%;997,63;997,62;997,15
26/03/2007;12,69%;12,72%;998,10;998,10;997,62
27/03/2007;12,69%;12,72%;998,57;998,57;998,1
28/03/2007;12,69%;12,72%;999,05;999,05;998,57
29/03/2007;12,68%;12,71%;999,52;999,52;999,05
30/03/2007;12,68%;12,71%;1.000,00;1.000,00;999,52
02/04/2007;;;;;
03/04/2007;;;;;
04/04/2007;;;;;
05/04/2007;;;;;
09/04/2007;;;;;
10/04/2007;;;;;
11/04/2007;;;;;
12/04/2007;;;;;
13/04/2007;;;;;
16/04/2007;;;;;
17/04/2007;;;;;
18/04/2007;;;;;
19/04/2007;;;;;
20/04/2007;;;;;
23/04/2007;;;;;
24/04/2007;;;;;
25/04/2007;;;;;
26/04/2007;;;;;
27/04/2007;;;;;
30/04/2007;;;;;
02/05/2007;;;;;
03/05/2007;;;;;
04/05/2007;;;;;
07/05/2007;;;;;
08/05/2007;;;;;
09/05/2007;;;;;
10/05/2007;;;;;
11/05/2007;;;;;
14/05/2007;;;;;
15/05/2007;;;;;
16/05/2007;;;;;
17/05/2007;;;;;
18/05/2007;;;;;
21/05/2007;;;;;
22/05/2007;;;;;
23/05/2007;;;;;
24/05/2007;;;;;
25/05/2007;;;;;
28/05/2007;;;;;
29/05/2007;;;;;
30/05/2007;;;;;
31/05/2007;;;;;
01/06/2007;;;;;
04/06/2007;;;;;
05/06/2007;;;;;
06/06/2007;;;;;
08/06/2007;;;;;
11/06/2007;;;;;
12/06/2007;;;;;
13/06/2007;;;;;
14/06/2007;;;;;
15/06/2007;;;;;
18/06/2007;;;;;
19/06/2007;;;;;
20/06/2007;;;;;
21/06/2007;;;;;
22/06/2007;;;;;
25/06/2007;;;;;
26/06/2007;;;;;
27/06/2007;;;;;
28/06/2007;;;;;
29/06/2007;;;;;
02/07/2007;;;;;
03/07/2007;;;;;
04/07/2007;;;;;
05/07/2007;;;;;
06/07/2007;;;;;
09/07/2007;;;;;
10/07/2007;;;;;
11/07/2007;;;;;
12/07/2007;;;;;
13/07/2007;;;;;
16/07/2007;;;;;
17/07/2007;;;;;
18/07/2007;;;;;
19/07/2007;;;;;
20/07/2007;;;;;
23/07/2007;;;;;
24/07/2007;;;;;
25/07/2007;;;;;
26/07/2007;;;;;
27/07/2007;;;;;
30/07/2007;;;;;
31/07/2007;;;;;
01/08/2007;;;;;
02/08/2007;;;;;
03/08/2007;;;;;
06/08/2007;;;;;
07/08/2007;;;;;
08/08/2007;;;;;
09/08/2007;;;;;
10/08/2007;;;;;
13/08/2007;;;;;
14/08/2007;;;;;
15/08/2007;;;;;
16/08/2007;;;;;
17/08/2007;;;;;
20/08/2007;;;;;
21/08/2007;;;;;
22/08/2007;;;;;
23/08/2007;;;;;
24/08/2007;;;;;
27/08/2007;;;;;
28/08/2007;;;;;
29/08/2007;;;;;
30/08/2007;;;;;
31/08/2007;;;;;
03/09/2007;;;;;
04/09/2007;;;;;
05/09/2007;;;;;
06/09/2007;;;;;
10/09/2007;;;;;
11/09/2007;;;;;
12/09/2007;;;;;
13/09/2007;;;;;
14/09/2007;;;;;
17/09/2007;;;;;
18/09/2007;;;;;
19/09/2007;;;;;
20/09/2007;;;;;
21/09/2007;;;;;
24/09/2007;;;;;
25/09/2007;;;;;
26/09/2007;;;;;
27/09/2007;;;;;
28/09/2007;;;;;
01/10/2007;;;;;
02/10/2007;;;;;
03/10/2007;;;;;
04/10/2007;;;;;
05/10/2007;;;;;
08/10/2007;;;;;
09/10/2007;;;;;
10/10/2007;;;;;
11/10/2007;;;;;
15/10/2007;;;;;
16/10/2007;;;;;
17/10/2007;;;;;
18/10/2007;;;;;
19/10/2007;;;;;
22/10/2007;;;;;
23/10/2007;;;;;
24/10/2007;;;;;
25/10/2007;;;;;
26/10/2007;;;;;
29/10/2007;;;;;
30/10/2007;;;;;
31/10/2007;;;;;
01/11/2007;;;;;
05/11/2007;;;;;
06/11/2007;;;;;
07/11/2007;;;;;
08/11/2007;;;;;
09/11/2007;;;;;
12/11/2007;;;;;
13/11/2007;;;;;
14/11/2007;;;;;
16/11/2007;;;;;
19/11/2007;;;;;
20/11/2007;;;;;
21/11/2007;;;;;
22/11/2007;;;;;
23/11/2007;;;;;
26/11/2007;;;;;
27/11/2007;;;;;
28/11/2007;;;;;
29/11/2007;;;;;
30/11/2007;;;;;
03/12/2007;;;;;
04/12/2007;;;;;
05/12/2007;;;;;
06/12/2007;;;;;
07/12/2007;;;;;
10/12/2007;;;;;
11/12/2007;;;;;
12/12/2007;;;;;
13/12/2007;;;;;
14/12/2007;;;;;
17/12/2007;;;;;
18/12/2007;;;;;
19/12/2007;;;;;
20/12/2007;;;;;
21/12/2007;;;;;
24/12/2007;;;;;
26/12/2007;;;;;
27/12/2007;;;;;
28/12/2007;;;;;
31/12/2007;;;;;
